pearson significance values
        ret1 ret2 ret3 ret4 ret5    ret6    ret7    ret8    ret9 ret10  ...  \
ret1     0.0  0.0  0.0  0.0  0.0     0.0     0.0     0.0     0.0   0.0  ...   
ret2     0.0  0.0  0.0  0.0  0.0     0.0     0.0     0.0     0.0   0.0  ...   
ret3     0.0  0.0  0.0  0.0  0.0     0.0     0.0     0.0     0.0   0.0  ...   
ret4     0.0  0.0  0.0  0.0  0.0     0.0     0.0     0.0     0.0   0.0  ...   
ret5     0.0  0.0  0.0  0.0  0.0     0.0     0.0     0.0     0.0   0.0  ...   
ret6     0.0  0.0  0.0  0.0  0.0     0.0     0.0     0.0     0.0   0.0  ...   
ret7     0.0  0.0  0.0  0.0  0.0     0.0     0.0     0.0     0.0   0.0  ...   
ret8     0.0  0.0  0.0  0.0  0.0     0.0     0.0     0.0     0.0   0.0  ...   
ret9     0.0  0.0  0.0  0.0  0.0     0.0     0.0     0.0     0.0   0.0  ...   
ret10    0.0  0.0  0.0  0.0  0.0     0.0     0.0     0.0     0.0   0.0  ...   
ret11    0.0  0.0  0.0  0.0  0.0     0.0     0.0     0.0     0.0   0.0  ...   
ret12    0.0  0.0  0.0  0.0  0.0     0.0     0.0     0.0     0.0   0.0  ...   
ret13    0.0  0.0  0.0  0.0  0.0     0.0     0.0     0.0     0.0   0.0  ...   
ret14    0.0  0.0  0.0  0.0  0.0     0.0     0.0     0.0     0.0   0.0  ...   
ret15    0.0  0.0  0.0  0.0  0.0     0.0     0.0     0.0     0.0   0.0  ...   
ret16    0.0  0.0  0.0  0.0  0.0     0.0     0.0     0.0     0.0   0.0  ...   
ret17    0.0  0.0  0.0  0.0  0.0     0.0     0.0     0.0     0.0   0.0  ...   
ret18    0.0  0.0  0.0  0.0  0.0     0.0     0.0     0.0     0.0   0.0  ...   
ret19    0.0  0.0  0.0  0.0  0.0     0.0     0.0     0.0     0.0   0.0  ...   
ret20    0.0  0.0  0.0  0.0  0.0     0.0     0.0     0.0     0.0   0.0  ...   
retFut1  0.0  0.0  0.0  0.0  0.0  0.0358  0.1712  0.0673  0.0027   0.0  ...   

        ret12   ret13  ret14   ret15   ret16   ret17   ret18   ret19   ret20  \
ret1      0.0     0.0    0.0     0.0     0.0     0.0     0.0     0.0     0.0   
ret2      0.0     0.0    0.0     0.0     0.0     0.0     0.0     0.0     0.0   
ret3      0.0     0.0    0.0     0.0     0.0     0.0     0.0     0.0     0.0   
ret4      0.0     0.0    0.0     0.0     0.0     0.0     0.0     0.0     0.0   
ret5      0.0     0.0    0.0     0.0     0.0     0.0     0.0     0.0     0.0   
ret6      0.0     0.0    0.0     0.0     0.0     0.0     0.0     0.0     0.0   
ret7      0.0     0.0    0.0     0.0     0.0     0.0     0.0     0.0     0.0   
ret8      0.0     0.0    0.0     0.0     0.0     0.0     0.0     0.0     0.0   
ret9      0.0     0.0    0.0     0.0     0.0     0.0     0.0     0.0     0.0   
ret10     0.0     0.0    0.0     0.0     0.0     0.0     0.0     0.0     0.0   
ret11     0.0     0.0    0.0     0.0     0.0     0.0     0.0     0.0     0.0   
ret12     0.0     0.0    0.0     0.0     0.0     0.0     0.0     0.0     0.0   
ret13     0.0     0.0    0.0     0.0     0.0     0.0     0.0     0.0     0.0   
ret14     0.0     0.0    0.0     0.0     0.0     0.0     0.0     0.0     0.0   
ret15     0.0     0.0    0.0     0.0     0.0     0.0     0.0     0.0     0.0   
ret16     0.0     0.0    0.0     0.0     0.0     0.0     0.0     0.0     0.0   
ret17     0.0     0.0    0.0     0.0     0.0     0.0     0.0     0.0     0.0   
ret18     0.0     0.0    0.0     0.0     0.0     0.0     0.0     0.0     0.0   
ret19     0.0     0.0    0.0     0.0     0.0     0.0     0.0     0.0     0.0   
ret20     0.0     0.0    0.0     0.0     0.0     0.0     0.0     0.0     0.0   
retFut1   0.0  0.0001  0.004  0.1572  0.0774  0.0263  0.0258  0.0124  0.0082   

        retFut1  
ret1        0.0  
ret2        0.0  
ret3        0.0  
ret4        0.0  
ret5        0.0  
ret6     0.0358  
ret7     0.1712  
ret8     0.0673  
ret9     0.0027  
ret10       0.0  
ret11       0.0  
ret12       0.0  
ret13    0.0001  
ret14     0.004  
ret15    0.1572  
ret16    0.0774  
ret17    0.0263  
ret18    0.0258  
ret19    0.0124  
ret20    0.0082  
retFut1     0.0  

[21 rows x 21 columns]
spearman significance values
        ret1 ret2 ret3 ret4 ret5 ret6    ret7    ret8 ret9 ret10  ... ret12  \
ret1     0.0  0.0  0.0  0.0  0.0  0.0     0.0     0.0  0.0   0.0  ...   0.0   
ret2     0.0  0.0  0.0  0.0  0.0  0.0     0.0     0.0  0.0   0.0  ...   0.0   
ret3     0.0  0.0  0.0  0.0  0.0  0.0     0.0     0.0  0.0   0.0  ...   0.0   
ret4     0.0  0.0  0.0  0.0  0.0  0.0     0.0     0.0  0.0   0.0  ...   0.0   
ret5     0.0  0.0  0.0  0.0  0.0  0.0     0.0     0.0  0.0   0.0  ...   0.0   
ret6     0.0  0.0  0.0  0.0  0.0  0.0     0.0     0.0  0.0   0.0  ...   0.0   
ret7     0.0  0.0  0.0  0.0  0.0  0.0     0.0     0.0  0.0   0.0  ...   0.0   
ret8     0.0  0.0  0.0  0.0  0.0  0.0     0.0     0.0  0.0   0.0  ...   0.0   
ret9     0.0  0.0  0.0  0.0  0.0  0.0     0.0     0.0  0.0   0.0  ...   0.0   
ret10    0.0  0.0  0.0  0.0  0.0  0.0     0.0     0.0  0.0   0.0  ...   0.0   
ret11    0.0  0.0  0.0  0.0  0.0  0.0     0.0     0.0  0.0   0.0  ...   0.0   
ret12    0.0  0.0  0.0  0.0  0.0  0.0     0.0     0.0  0.0   0.0  ...   0.0   
ret13    0.0  0.0  0.0  0.0  0.0  0.0     0.0     0.0  0.0   0.0  ...   0.0   
ret14    0.0  0.0  0.0  0.0  0.0  0.0     0.0     0.0  0.0   0.0  ...   0.0   
ret15    0.0  0.0  0.0  0.0  0.0  0.0     0.0     0.0  0.0   0.0  ...   0.0   
ret16    0.0  0.0  0.0  0.0  0.0  0.0     0.0     0.0  0.0   0.0  ...   0.0   
ret17    0.0  0.0  0.0  0.0  0.0  0.0     0.0     0.0  0.0   0.0  ...   0.0   
ret18    0.0  0.0  0.0  0.0  0.0  0.0     0.0     0.0  0.0   0.0  ...   0.0   
ret19    0.0  0.0  0.0  0.0  0.0  0.0     0.0     0.0  0.0   0.0  ...   0.0   
ret20    0.0  0.0  0.0  0.0  0.0  0.0     0.0     0.0  0.0   0.0  ...   0.0   
retFut1  0.0  0.0  0.0  0.0  0.0  0.0  0.0001  0.0004  0.0   0.0  ...   0.0   

          ret13   ret14   ret15   ret16  ret17   ret18   ret19  ret20 retFut1  
ret1        0.0     0.0     0.0     0.0    0.0     0.0     0.0    0.0     0.0  
ret2        0.0     0.0     0.0     0.0    0.0     0.0     0.0    0.0     0.0  
ret3        0.0     0.0     0.0     0.0    0.0     0.0     0.0    0.0     0.0  
ret4        0.0     0.0     0.0     0.0    0.0     0.0     0.0    0.0     0.0  
ret5        0.0     0.0     0.0     0.0    0.0     0.0     0.0    0.0     0.0  
ret6        0.0     0.0     0.0     0.0    0.0     0.0     0.0    0.0     0.0  
ret7        0.0     0.0     0.0     0.0    0.0     0.0     0.0    0.0  0.0001  
ret8        0.0     0.0     0.0     0.0    0.0     0.0     0.0    0.0  0.0004  
ret9        0.0     0.0     0.0     0.0    0.0     0.0     0.0    0.0     0.0  
ret10       0.0     0.0     0.0     0.0    0.0     0.0     0.0    0.0     0.0  
ret11       0.0     0.0     0.0     0.0    0.0     0.0     0.0    0.0     0.0  
ret12       0.0     0.0     0.0     0.0    0.0     0.0     0.0    0.0     0.0  
ret13       0.0     0.0     0.0     0.0    0.0     0.0     0.0    0.0  0.0001  
ret14       0.0     0.0     0.0     0.0    0.0     0.0     0.0    0.0  0.0072  
ret15       0.0     0.0     0.0     0.0    0.0     0.0     0.0    0.0  0.0663  
ret16       0.0     0.0     0.0     0.0    0.0     0.0     0.0    0.0  0.0749  
ret17       0.0     0.0     0.0     0.0    0.0     0.0     0.0    0.0   0.007  
ret18       0.0     0.0     0.0     0.0    0.0     0.0     0.0    0.0  0.0303  
ret19       0.0     0.0     0.0     0.0    0.0     0.0     0.0    0.0  0.0108  
ret20       0.0     0.0     0.0     0.0    0.0     0.0     0.0    0.0   0.013  
retFut1  0.0001  0.0072  0.0663  0.0749  0.007  0.0303  0.0108  0.013     0.0  

[21 rows x 21 columns]
Best parameters : {'ridge__alpha': 78.47599703514615}
Best cross-validation score : nan
In-sample: CAGR=0.0253776 Sharpe ratio=0.996361 maxDD=-0.0683201 maxDDD=1793 Calmar ratio=0.371451

Out-of-sample: CAGR=0.0220087 Sharpe ratio=0.686953 maxDD=-0.0571343 maxDDD=330 Calmar ratio=0.385211  Rho=0.0715861 PVal=0.0013575

